/1 19 20 21 25 26 27
/3 17 22 24 29
/4 17 22 24 29
/5 17 22 24 29
/6 19 20 21 25 26 27
/8 17 18 19 27 28 29
/9 11 12 13 16 21 25 30 33 34 35
/10 16 21 25 30
/11 9 14 16 21 25 30 32 37
/12 9 14 32 37
/13 9 14 17 18 19 27 28 29 32 37
/14 11 12 13 33 34 35
/16 9 10 11 35 36 37
/17 3 4 5 8 13 33 38 41 42 43
/18 8 13 33 38
/19 1 6 8 13 33 38 40 45
/20 1 6 40 45
/21 1 6 9 10 11 35 36 37 40 45
/22 3 4 5 41 42 43
/24 3 4 5 41 42 43
/25 1 6 9 10 11 35 36 37 40 45
/26 1 6 40 45
/27 1 6 8 13 33 38 40 45
/28 8 13 33 38
/29 3 4 5 8 13 33 38 41 42 43
/30 9 10 11 35 36 37
/32 11 12 13 33 34 35
/33 9 14 17 18 19 27 28 29 32 37
/34 9 14 32 37
/35 9 14 16 21 25 30 32 37
/36 16 21 25 30
/37 11 12 13 16 21 25 30 33 34 35
/38 17 18 19 27 28 29
/40 19 20 21 25 26 27
/41 17 22 24 29
/42 17 22 24 29
/43 17 22 24 29
/45 19 20 21 25 26 27
/


5000
2 2
0
.
