/1 25 28
/2 25 26 27 28 29 30
/3 31 33 34
/4 23 24 25 26 27 29 31 33 34
/5 22 29 31
/6 22 23 24 25 26 29 31
/7 19 27 29 30
/8 19 20 21 22 23 24 27
/9 25 27
/10 17 18 19 20 21 22 25 27 28
/11 11 12 16 23 25
/12 10 13 16 17 18 19 20 23 25
/13 9 11 12 13 21 23 24
/14 5 6 8 10 14 15 16 17 18 21
/15 6 8 12 19 21
/16 6 8 11 12 13 14 15 16 19 21 22
/17 4 6 8 10 17 19
/18 3 5 6 9 11 12 13 14 17 19
/19 3 7 9 11 15 17 18
/20 1 2 4 5 7 9 13 15
/21 2 4 7 9 10 11 12 14 16 17 18
/22 1 4 6 14 18
/23 2 3 4 7 8 9 10 11 12 13 14
/24 5 7
/25 4 5 7 10 11 12 13 14 15 16
/26 3 6 7 9 17
/27 3 4 9 12 13 14 15 16 17
/28 9 11
/29 8 9 11 14 15 16 17 18 19
/30 11 13 20
/31 11 13 16 17 18 19 20
/32 12 13 15 23
/33 15 18 19 20 21 22 23
/34 15 17
/35 14 15 17 20 21 22 23 24 25
/36 17 19 26 28 29
/37 17 19 22 23 24 25 26 28 29
/38 18 19 21
/39 21 24 25 26 27 28 29
/40 21 23 29
/41 20 21 23 26 27 28
/42 23 25 31 32
/43 23 26 31 32
/44 24 25
/


5000
2 2
0
.
