/1 14 15
/2 6 7 12 13 15 17
/3 5 6 7 12 13 14 15
/4 4 5 12 13 19
/5 3 4 7 8 12 15 18
/6 2 3 9 17 20 21
/7 2 3 5 9 10 11 12
/8 5 9 10 13 14 16
/9 6 7 8 13 15
/10 7 8 12 13 16
/11 7 13
/12 2 3 4 5 7 10 13 17
/13 2 3 4 8 9 10 11 12 15 16 17 18 19 20 21 23
/14 1 3 8 19 22 23
/15 1 2 3 5 9 13 19 20 21
/16 8 10 13 21 22
/17 2 6 12 13 22 23 26 28
/18 5 13 22 23 24 26 28 29 30
/19 4 13 14 15 22 27
/20 6 13 15 21 23
/21 6 13 15 16 20 25
/22 14 16 17 18 19 23 29 32
/23 13 14 17 18 20 22 26 28 29 30
/24 18 25 28 29 30 34 35 36
/25 21 24 31 32
/26 17 18 23 26 37 38
/27 19 33 37
/28 17 18 23 24 33
/29 18 22 23 24 33 35 37 39
/30 18 23 24 33 39 40
/31 25 34 37 38 39
/32 22 25 34 43
/33 27 28 29 30 39 40 44
/34 24 31 32 39 40 44
/35 24 29 42
/36 24 40
/37 26 27 29 31 39 42
/38 26 31 41 42 43
/39 29 30 31 33 34 37 41 45 47 48
/40 30 33 34 36 42 46 49
/41 38 39 42 46
/42 35 37 38 40 41 43 46 47 51
/43 32 38 42 50 52
/44 33 34 47 48 52
/45 39 47 48
/46 40 41 42 46 47 50
/47 39 42 44 45 46
/48 39 44 45
/49 40
/50 43 46
/51 42
/52 43 44
/


5000
2 2
0
.
