/1 3
/2 2 4
/3 2 4 27 29 33
/4 2 26 27 29 31 34
/5 12 13 14 23 33
/6 1 2 12 13 16 18 19 23 26 27 28 29
/7 2 4 14 15 16 17 20 22 25 26 31 32
/8 2 3 12 15 19 20 21 27 28 29
/9 3 11 16 19 20 23 24 27 30
/10 4 7 11 16 19 20 21 23 25 30 31
/11 8 10 11 16 19 20 21 22 28
/12 5 6 10 11 16 19 20 21 22 28
/13 5 7 11 16 19 20 21 23 25 30 31
/14 4 5 11 16 19 20 23 24 27 30
/15 5 7 12 15 19 20 21 27 28 29
/16 6 14 15 16 17 20 22 25 26 31 32
/17 12 13 16 18 19 23 26 27 28 29
/18 12 13 14 23 33
/19 26 27 29 31 34
/20 27 29 33
/


5000
2 2
0
.
