/1 56
/2 56 57
/3 54 57
/4 53
/5 50 51 54
/6 49 52
/7 50
/8 46 50 51
/9 45 47 48
/10 44 45 48
/11 44 45 47 48
/12 44 47 50 51
/13 43 44 51 52
/14 44 46 47 49 51 52
/15 43 45 46 47 49
/16 43 45 47 49
/18 41 45
/19 40 41
/20 38 39 40 43
/21 35 36 38 39
/22 36
/23 37 39
/24 36
/25 36 39
/26 35
/27 38
/28 35 36 37 38
/29 33 35 36 38
/30 38
/31 33
/32 34 37
/33 36
/34 26 31 32 33 54 55 56
/35 1 2 25 27 28 29 34 57 61
/36 3 4 6 7 25 28 33 54 58
/37 3 4 8 9 11 12 28 31 48 49 51 55 57 58 59 60
/38 1 2 8 9 13 14 16 17 27 28 30 31 32 36 37 40 41 43 44 45 47 52 58 61
/39 6 7 13 14 18 19 21 22 29 31 32 35 37 40 41 42 44 45 47 49 53 60
/40 11 12 18 19 23 24 26 30 35 37 39 42 43 46 49 53 54 55 56
/41 16 17 23 24 27 29 31 32 35 38
/42 21 22 34 39 50 51 55 56
/43 40 51
/44 37
/45 37 38
/


5000
2 2
0
.
