/1 17
/2 15 17 19
/3 13 15 17 19 21
/4 11 13 15 17 19 21 23
/5 9 11 13 16 17 19 21 23 25
/6 7 9 11 13 20 23 25 27
/7 5 7 9 12 23 25 27 29
/8 6 7 9 24 27 29 31
/9 4 8 27 29 30
/10 5 6 7 28 32
/11 3 29 30 31
/12 4 5 33
/13 2 6 31 32
/14 3 4 5 6 30 34
/15 1 31 32 33
/16 2 3 4 34
/17 1 5 29 30 31 32
/18 3 4 29 33
/19 2 30 31
/20 4 5 6 32
/21 3 7 28 29 30
/22 5 6 8 27 31
/23 4 6 8 11 26 28 29
/24 6 8 10 12 23 26 28 30
/25 8 10 12 15 22 24 26 28
/26 10 12 14 16 18 19 22 24 26
/27 12 14 16 18 20 22 24
/28 14 16 18 20 22
/29 16 18 20
/30 18
/


5000
2 2
0
.
