/1 20 21 22
/2 19 22
/3 13 14 15 22 27 28 29
/4 13 16 18 22 27 30
/5 13 16 18 22 27 30
/6 11 22 25 27 29 30 31
/7 11 12 15 16 19 21 26 32
/8 9 26 27 30 31 32
/9 9 10 11 13 15 16 27 34
/10 7 16 26 28 32 33 34
/11 7 8 9 15 26 35
/12 4 6 32 34 35 36
/13 3 4 5 6 7 9 36
/14 2 3 10 32 33 34 35 36
/15 1 2 7 8 27 29
/16 2 4 8 11 27 30 34 36
/17 9 11 30 31 36 37
/18 2 3 4 5 6 28 35 36
/19 2 29 31 32 33 34 35
/20 2 3 4 6 32 34
/21 3 12 23 29 30 31
/22 4 5 6 10 12 22 31
/23 4 11 22 23 25 27 28 29
/24 6 7 8 11 12 29
/25 6 12 17 19 22 23 26 27
/26 7 8 9 11 13 16 27
/27 8 11 16 20 22 25
/28 8 11 16 20 22 25
/29 9 10 11 16 23 24 25
/30 16 19
/31 16 17 18
/


5000
2 2
0
.
