/1 19
/2 18 19 20
/3 13 14 15 20 21
/4 12 15 16 17 20 22 23
/5 11 15 17 20 22
/6 11 16 18 20 22 24 25
/7 13 18 20 24 25
/8 1 2 3 4 10 12 17 21 23 24 25
/9 1 5 6 8 10 11 12 14 15 25 26
/10 1 7 8 14
/11 2 5 6 8 11 14 16 17
/12 8 10 12 14 16 18 24 25 26 27
/13 2 5 6 8 11 14 17 18 20 22 23 27
/14 1 7 8 12 14 16 20 21 27
/15 1 5 6 8 10 11 14 17 20 22 23 26
/16 1 2 3 4 10 12 14 16 18 20
/17 11 12 14 17 20 22 23 26
/18 14 20 21 27
/19 2 3 13 14 16 17 18 20 22 23 27
/20 3 4 5 7 11 16 18 24 25 26 27
/21 3 4 8 10 15
/22 3 4 6 8 10 12 17
/23 6 8 11 13 17
/24 5 6 8 11 12 13 16
/25 7 8 13 14 15
/26 8 9 10
/27 9
/

500
10 10

0
