/1 16 19 22
/2 16 17 18 19 20 21 22
/4 16 17 18 19 20 21 22
/5 16 19 22
/11 17 20
/12 13 14 17 20
/13 13 14 17 20 28 29
/14 28 29 34 35 39 42 46 47
/15 34 35 36 37 38 43 44 45 46 47
/16 34 35 39 42 46 47
/17 28 29 30
/19 1 2 4 5
/20 2 4 28 29 30
/21 2 4 11 12 13
/22 1 2 4 5 35 37
/23 2 4 36 37
/24 2 4 11 12 13 36
/25 1 2 4 5
/27 12 13
/28 12 13 21 24 27 28
/29 21 24 27 28
/30 21 24
/33 48
/34 46 48
/35 47 48
/36 19 22 25
/37 19 20 21 22 23 24 25
/39 19 20 21 22 23 24 25
/40 19 22 25
/


5000
2 2
0
.
