/1 1 2 3 4 7 8 10 11 12 14 18 20 21 22 24 25 28 29 30 31
/2 2 4 6 7 9 23 25 26 28 30
/3 3 4 5 8 10 12 20 22 24 27 28 29
/4 1 3 4 6 7 8 10 13 19 22 24 25 26 28 29 31
/5 2 3 4 5 7 11 12 14 15 16 17 18 20 21 25 27 28 29 30
/6 6 7 11 12 14 16 18 20 21 25 26
/7 3 4 5 9 10 14 18 22 23 27 28 29
/8 1 4 7 9 10 14 15 17 18 22 23 25 28 31
/9 1 2 4 7 11 21 25 28 30 31
/10 1 3 5 9 10 11 12 15 16 17 20 21 22 23 27 29 31
/11 1 3 4 5 7 8 11 12 16 20 21 24 25 27 28 29 31
/12 3 9 10 14 18 22 23 29
/13 1 2 3 4 5 7 9 10 11 14 18 21 22 23 25 27 28 29 30 31
/14 2 7 12 15 16 17 20 25 30
/15 2 3 5 9 10 11 12 13 14 15 16 17 18 19 20 21 22 23 27 29 30
/16 1 2 3 4 6 7 8 15 17 24 25 26 28 29 30 31
/


5000
2 2
0
.
