/1 24 27
/2 22 23 24 25 26 27
/3 18 19 21 30
/4 14 15 17 19 21 23 24 25 26 27 28 29 30 33
/5 12 13 14 21 23 27 31 32 33
/6 11 16 19 21 25 29 30
/7 12 13 14 15 16 19 21 22 23 24 26 30 32 33
/8 13 18 19 25 27 29 30 33 38 39 41
/9 11 15 16 20 22 23 26 27 30 31 37 39 40 42
/10 11 12 13 14 15 17 18 19 20 22 37 42
/11 22 31 34 35 37 39 40 42 43
/12 13 14 15 19 20 21 25 27 34 36 38 40 42
/13 12 19 24 27 29 31 36 38 40 42
/14 13 14 17 19 27 30 31 35 37 39 40 42 43
/15 1 2 4 5 24 25 27 28 30 31 32 35 39 41
/16 2 4 11 15 17 19 24 27 41
/17 1 4 7 10 12 16 18 19 20 24 26 35 37 39 40
/18 1 2 3 5 6 8 10 11 12 24 34 35
/19 4 6 8 10 11 34
/20 3 5 6 10 12 27 28 34 37
/21 2 6 7 12 26 27 28 34
/22 2 3 11 12 27 28 34 35
/23 11 12 19 20 21 35 37 39 40
/24 2 3 11 12 19 21 41
/25 2 6 7 12 19 20 21 35 39 41
/26 3 5 6 10 12 35 37 39 40 42 43
/27 4 6 8 10 11 36 38 40 42
/28 1 2 3 5 6 8 10 11 12 34 36 38 40 42
/29 1 4 7 10 12 22 23 34 35 37 39 40 42 43
/30 2 4 11 22 37 42
/31 1 2 4 5 23 24 25 37 39 40 42
/32 25 38 39 41
/


5000
2 2
0
.
