/1 18 19
/2 14 15 20
/3 13 14 15 17
/4 1 3 4 7 8 12 16 17 18 19 21 23 28 29 37 38
/5 1 6 7 10 19 21 22 23 28 33 34 36 39 41 42 44
/6 1 3 4 9 10 12 13 18 30 34 36 38 39 41 43 44
/7 7 15 29 30 36 39 41 45 46
/8 6 16 18 23 24 25 29 34 37 39 41 42 43 47
/9 6 16 18 23 24 25 27 28 30 33 34 36 38 42 45 46 48
/10 7 15 29 30 32 36 37 42 43 48
/11 1 3 4 9 10 12 13 18 29 38 39 41 43 45 46 48 49
/12 1 6 7 10 19 21 22 23 32 36 40 41 43 46 48
/13 1 3 4 7 8 12 16 17 18 19 21 23 31 33 37 38 43 46 48
/14 13 14 15 17 32 38 40 41 42 47
/15 14 15 20 38 40
/16 18 19 39
/


5000
2 2
0
.
