/1 15 16 21 22 27 28
/2 14 17 19 24 26 29
/3 14 15 16 27 28 29
/4 17 18 25 26
/5 16 19 20 21 22 23 24 27
/6 16 17 26 27
/8 9 39 40 51
/9 8 12 13 14 21 31 39 40 50 52
/10 9 11 12 13 14 15 26 27 28 32
/11 13 17 23 25 26 27 28 29 31 50
/12 13 14 19 20 21 27 50 51
/13 13 14 19 20 21 26 27 47 48 49 50 51
/14 20 26 27 47 48 50 51 57 58
/15 50 57 59
/16 54 55 57 59
/17 54 56 58
/18 56
/19 36 37 38 48 50 54 57
/20 8 9 36 39 48 51 57
/21 8 9 40 48 50 53 57
/22 36 39 53 57
/23 36 37 38 57
/24 54 57
/25 49 56
/26 46 47 49 50 54 56 58
/27 46 47 48 49 50 54 55 57 59
/28 10 49 50 57 59
/29 9 11 49 57 58
/31 2 3 11 49 51
/32 1 3 10 11 50
/33 1 3 5 6 10 11 12 13 14
/34 2 4 6 10 11 13 14
/35 4 11
/36 3 6
/37 3
/38 3 7
/39 3 7 10 12 51 52
/40 3 9 12 51 52
/41 3 6 10 12
/42 4
/43 2 4 6
/44 1 3 5 6
/45 1 3 10
/46 2 3 9 10 12 13 33 34 40
/47 9 10 11 12 13 33 34 39 40 41 46 47
/48 9 10 33 39 40 41 46 47
/49 10 29 31 32 33 34 35 37 43 47
/50 28 32 33 34 45 46 47 48 49 51
/51 8 10 20 21 29 39 46 47 48 52
/52 9 20 21 51
/54 33 34 43 44
/55 33 36 37 38 39 40 41 44
/56 34 35 42 43
/57 31 32 33 44 45 46
/58 31 34 36 41 43 46
/59 32 33 38 39 44 45
/


5000
2 2
0
.
