/1 5 6
/2 5 8
/3 5 9
/4 7 8 9
/5 3 4 11 12 13 14
/6 3 5 6 11 12 13 14
/7 2 7 14 15 16
/8 3 4 5 6 11 12 16
/9 1 11 12
/10 2 6
/11 7 8 9 12 13 16
/12 3 4 12 17
/13 14 16 17
/14 11 12 19
/15 12 13 15 16 17 19
/16 11 12 16 19
/17 11 13 16 17
/18 11 14 16 18
/19 11 12 13 20
/20 12 14 16 20
/21 15 16 18 20
/22 12 19 20 21
/24 12 22
/25 12 16 23
/26 13 19 20 21 22 23
/27 13 14 15
/28 17 18
/29 14 15 16 19
/30 12 14 15 16 18
/31 11 15 18
/32 12 17 18 20 21 22
/33 14 15 16 17 19 24 25
/34 14 16 17 18 19 24 25
/35 20
/36 21 24 25
/37 21 22
/38 22 23 24 25 26
/39 26 27
/40 20 21 22 29
/41 21 23 27 29
/42 20 24 28
/43 20 24 25
/44 19 26 28 29 30
/45 20 21 25 29 30
/46 21 22 23 24 27 30
/47 23 24 28
/48 22
/49 22 23 25
/50 21
/51 20 21 22 23 24
/52 20 25
/53 19 20 21 23 24 25
/54 19 21 22 23 24 25
/55 19
/56 21
/57 17 22 23 24 25
/58 21 22 23 24 26 27
/59 18 19 20 25
/60 25 27
/61 29
/62 25 28 29
/63 26 27 28
/64 23 24
/65 22 23 24 30
/66 25 26 29 31
/67 22 25 26 27 29 31
/68 23 24 26 29
/69 25 27 30 31
/70 27 28
/71 23 24 25 30
/72 23 24 25 30
/73 24 25 29 30 31
/74 25 26 28 29
/75 26 27
/76 26
/78 25 26
/79 27
/


5000
2 2
0
.
