/1 27
/2 25 26
/3 26 27
/6 9 10
/7 6 9 11 20
/8 5 7 9 11 19
/9 4 6 8 11 12 19 20 21
/10 4 8 10 13
/11 1 2 4 5 8 10 12 23 24
/12 1 3 8 9 10 13 19 20 23 24
/13 3 5 6 7 11 12 18 20
/14 3 6 12 19
/15 4 8 10 13 26 27
/16 5 6 7 9 10 12 13 21 22 27
/17 7 12 21 22 25 26 27
/18 8 9 10 12 18 19 25 26 27
/19 11 13 14 18 19 25 26
/20 10 13 16 17 18 20 29
/21 10 11 14 15 16 28 29
/22 17
/23 14 15 16 17 19
/24 13 16 20
/25 13 14 18 20 21 22
/26 14 16 19 23
/27 14 16 17 19 22 23
/28 15 18
/29 16 17
/


5000
2 2
0
.
