/1 18 19 31 32
/2 17 20 30 33
/3 17 19 23 24 26 27 31 33
/4 15 16 19 21 29 31 34 35
/5 16 18 20 25 30 32 34
/6 15 18 19 22 23 24 25 26 27 28 31 32 35
/7 15 16 22 24 26 28 34 35
/8 24 26
/9 6 9 10 20 21 22 28 29 30
/10 5 7 10 13 19 21 23 27 29 31
/11 5 7 8 10 12 14 19 20 23 24 25 26 27 30 31
/12 4 5 7 10 12 15
/13 4 7 9 10 13
/14 5 6 7 9 11 15 16 17
/15 7 8 10 16 17
/16 3 5 8 10 14 17 22 24 26
/17 3 4 7 8 10 12 13 16 17 18 23 24 25 39 40
/18 9 10 12 16 17 24 38 41
/19 3 4 5 6 7 12 37 38
/20 2 7 9 10 11 29 30 36 37 38 44
/21 2 4 5 7 9 16 17 25 29 31 36 39 43 45
/22 1 2 4 7 14 15 16 17 26 31 37 38 39 43 44
/23 2 4 6 8 14 15 18 24 25 26 31 32
/24 2 4 6 7 9 12 37 38 39 43 44
/25 1 2 4 5 8 9 13 14 15 16 36 39 43 45
/26 4 7 8 9 12 15 16 21 36 37 38 44
/27 4 6 8 9 15 20 22 31 37 38
/28 3 4 6 9 10 12 15 19 23 32 38 41
/29 5 9 10 13 16 20 22 30 31 32 39 40
/30 5 7 15 21
/31 4 5 7 8 19 20 21
/32 11 12 17 18 19 20 21 22 23 28 29
/33 11 14 17 18 20 22 23 26 29
/34 12 13 15 16 17 18 22 23 24 25 27 28
/35 9 10 11 14 26 29 30 31
/36 8 12 13 15 16 24 25 27 28 32
/37 8 9 11 15 16 24 25 29 31 32
/38 9 11 12 13 17 23 27 28 29 31
/39 8 15 16 24 25 32 43
/40 9 10 11 12 13 14 26 27 28 29 30 31 44
/41 11 14 26 29 42 43 44
/


5000
2 2
0
.
