/1 2 5 8 11 14 17 20 23 26 29 32 35 38 41 44 47 50 53 56 59
/2 2 3 4 5 6 7 8 9 10 11 12 13 14 15 16 17 18 19 20 21 22 23 24 25 26 27 28 29 30 31 32 33 34 35 36 37 38 39 40 41 42 43 44 45 46 47 48 49 50 51 52 53 54 55 56 57 58 59 60 61
/3 62
/4 2 3 4 5 6 7 8 9 10 11 12 13 14 17 18 19 22 23 24 27 28 29 30 31 32 33 34 35 36 37 38 39 40 41 42 43 44 45 46 47 48 49 50 51 52 53 54 55 56 57 58 59 60 61
/5 1 16 17 21 22 26 27 36
/6 2 3 4 5 6 7 8 9 10 11 12 13 14 18 19 23 24 28 30 31 33 38 39 40 41 42 43 44 45 46 47 48 49 50 51 52 53 54 55 56 57 58 59 60 61
/7 30 31 37 62
/8 2 3 4 5 6 7 8 9 10 11 12 13 14 32 33 34 35 36 37 38 39 40 41 42 43 44 45 46 47 48 49 50 51 52 53 54 55 56 57 58 59 60 61
/9 1 33
/10 2 3 4 5 6 7 8 9 10 11 12 13 14 34 35 36 37 38 39 40 41 42 43 44 45 46 47 48 49 50 51 52 53 54 55 56 57 58 59 60 61
/11 34 39 62
/12 2 3 4 5 6 7 8 9 10 11 12 13 14 34 35 40 41 42 43 44 45 46 47 48 49 50 51 52 53 54 55 56 57 58 59 60 61
/13 1 34 40 45
/14 2 3 4 5 6 7 8 9 10 11 12 13 14 34 35 40 41 46 47 48 49 50 51 52 53 54 55 56 57 58 59 60 61
/15 34 40 46 51 62
/16 2 3 4 5 6 7 8 9 10 11 12 13 14 34 35 40 41 46 47 52 53 54 55 56 57 58 59 60 61
/17 1 34 40 46 52 57
/18 2 3 4 5 6 7 8 9 10 11 12 13 14 34 35 40 41 46 47 52 53 58 59 60 61
/19 34 40 46 52 58 62
/20 2 3 4 5 6 7 8 9 10 11 12 13 14 34 35 40 41 46 47 52 53 58 59 60 61
/21 1 34 40 46 52 57
/22 2 3 4 5 6 7 8 9 10 11 12 13 14 34 35 40 41 46 47 52 53 54 55 56 57 58 59 60 61
/23 34 40 46 51 62
/24 2 3 4 5 6 7 8 9 10 11 12 13 14 34 35 40 41 46 47 48 49 50 51 52 53 54 55 56 57 58 59 60 61
/25 1 34 40 45
/26 2 3 4 5 6 7 8 9 10 11 12 13 14 34 35 40 41 42 43 44 45 46 47 48 49 50 51 52 53 54 55 56 57 58 59 60 61
/27 34 39 62
/28 2 3 4 5 6 7 8 9 10 11 12 13 14 34 35 36 37 38 39 40 41 42 43 44 45 46 47 48 49 50 51 52 53 54 55 56 57 58 59 60 61
/29 1 33
/30 2 3 4 5 6 7 8 9 10 11 12 13 14 32 33 34 35 36 37 38 39 40 41 42 43 44 45 46 47 48 49 50 51 52 53 54 55 56 57 58 59 60 61
/31 30 31 37 62
/32 2 3 4 5 6 7 8 9 10 11 12 13 14 18 19 23 24 28 30 31 33 38 39 40 41 42 43 44 45 46 47 48 49 50 51 52 53 54 55 56 57 58 59 60 61
/33 1 16 17 21 22 26 27 36
/34 2 3 4 5 6 7 8 9 10 11 12 13 14 17 18 19 22 23 24 27 28 29 30 31 32 33 34 35 36 37 38 39 40 41 42 43 44 45 46 47 48 49 50 51 52 53 54 55 56 57 58 59 60 61
/35 62
/36 2 3 4 5 6 7 8 9 10 11 12 13 14 15 16 17 18 19 20 21 22 23 24 25 26 27 28 29 30 31 32 33 34 35 36 37 38 39 40 41 42 43 44 45 46 47 48 49 50 51 52 53 54 55 56 57 58 59 60 61
/37 2 5 8 11 14 17 20 23 26 29 32 35 38 41 44 47 50 53 56 59
/


5000
2 2
0
.
