/1 4 7 8
/2 2 3 4 6 8 10
/3 2 5 6 7 10 11
/4 1 4 5 6 7 8 9 11 13 14 15
/5 2 5 6 7 9 11 12 13 14 15
/6 7 9 11 13
/7 1 3 7 9 11 12 13 14 15
/8 1 4 6 9 11 12 16
/9 4 7 8 16 17 18
/10 2 6 7 8 9 10 12 13 14 17 18
/11 5 15
/12 3 5 15
/13 5 6 8 9 10 11 12 16
/14 7 9 10 11 14 20 21
/15 7 10 14 16 17 18 20 21
/16 9 10 14 15 16 18 21 25
/17 9 10 15 16 18 19 20 21 25 26 27
/18 20 22 25
/19 14 16 22 23 26 27
/20 14 17 23 25 26 27 33
/21 14 18 23 24 27 31 34
/22 16 17 18 24 25 34
/23 16 18 21 24 30 31 34
/24 18 21 22 24 25 27 30
/25 17 25 27
/26 18 22 23 24 25
/27 19 23
/29 24
/30 23 25
/31 22 23
/32 22 24
/33 22 23
/34 24
/35 23
/


5000
2 2
0
.
