/1 4 7 10 13 16 19 22 25 28 31 34
/2 2 3 4 5 6 7 8 9 10 11 12 13 14 15 16 17 18 19 20 21 22 23 24 25 26 27 28 29 30 31 32 33 34 35 36
/3 1 37
/4 2 3 4 5 6 7 8 9 10 11 12 13 14 15 16 17 18 19 20 21 22 23 24 25 26 27 28 29 30 31 32 33 34 35 36
/6 2 3 4 5 6 7 8 9 10 11 12 13 14 15 16 17 18 19 20 21 22 23 24 25 26 27 28 29 30 31 32 33 34 35 36
/7 1 37
/8 2 3 4 5 6 7 8 9 10 11 12 13 14 15 16 17 18 19 20 21 22 23 24 25 26 27 28 29 30 31 32 33 34 35 36
/10 2 3 4 5 6 7 8 9 10 11 12 13 14 15 16 17 18 19 20 21 22 23 24 25 26 27 28 29 30 31 32 33 34 35 36
/11 1 37
/12 2 3 4 5 6 7 8 9 10 11 12 13 14 15 16 17 18 19 20 21 22 23 24 25 26 27 28 29 30 31 32 33 34 35 36
/14 2 3 4 5 6 7 8 9 10 11 12 13 14 15 16 17 18 19 20 21 22 23 24 25 26 27 28 29 30 31 32 33 34 35 36
/15 1 37
/16 2 3 4 5 6 7 8 9 10 11 12 13 14 15 16 17 18 21 22 23 24 25 26 27 28 29 30 31 32 33 34 35 36
/18 2 3 4 5 6 7 8 9 10 11 12 13 14 15 16 23 24 25 26 27 28 29 30 31 32 33 34 35 36
/19 1 17 22 37
/20 2 3 4 5 6 7 8 9 10 11 12 13 14 15 16 17 22 23 24 25 26 27 28 29 30 31 32 33 34 35 36
/22 2 3 4 5 6 7 8 9 10 11 12 13 14 18 19 20 21 25 26 27 28 29 30 31 32 33 34 35 36
/23 1 19 20 37
/24 2 3 4 5 6 7 8 9 10 11 12 13 26 27 28 29 30 31 32 33 34 35 36
/25 14 25
/26 2 3 4 5 6 7 8 9 10 11 12 13 14 15 24 25 26 27 28 29 30 31 32 33 34 35 36
/27 1 16 23 37
/28 2 3 4 5 6 7 8 9 10 11 12 13 14 15 16 23 24 25 26 27 28 29 30 31 32 33 34 35 36
/29 11 12 17 22 27 28
/30 2 3 4 5 6 7 8 15 16 17 18 21 22 23 24 31 32 33 34 35 36
/31 1 9 13 14 18 21 25 26 30 37
/32 2 3 4 5 6 7 8 18 21 31 32 33 34 35 36
/33 10 16 23 29
/34 2 3 4 5 6 7 8 9 10 17 22 29 30 31 32 33 34 35 36
/35 1 11 16 17 19 20 22 23 28 37
/36 2 3 4 5 6 7 8 9 10 11 12 17 22 27 28 29 30 31 32 33 34 35 36
/37 13 14 19 20 25 26
/38 2 3 4 5 6 7 8 11 12 13 15 18 21 24 26 27 28 31 32 33 34 35 36
/39 1 16 17 18 21 22 23 37
/40 2 3 4 5 6 13 14 15 17 22 24 25 26 33 34 35 36
/41 7 12 27 32
/42 2 3 4 5 6 7 16 23 32 33 34 35 36
/43 1 8 12 13 16 19 20 23 26 27 31 37
/44 2 3 4 5 6 7 8 9 15 17 18 21 22 24 30 31 32 33 34 35 36
/45 10 13 15 16 23 24 26 29
/46 2 3 4 5 6 7 8 9 10 14 15 24 25 29 30 31 32 33 34 35 36
/47 1 12 27 37
/48 2 3 4 5 6 7 8 9 10 11 12 13 14 15 16 17 22 23 24 25 26 27 28 29 30 31 32 33 34 35 36
/49 18 19 20 21
/50 2 3 4 5 6 7 8 9 10 11 12 13 14 15 16 17 18 21 22 23 24 25 26 27 28 29 30 31 32 33 34 35 36
/51 1 37
/52 2 3 4 5 6 7 8 9 10 11 12 13 14 15 16 17 18 19 20 21 22 23 24 25 26 27 28 29 30 31 32 33 34 35 36
/53 4 7 10 13 16 19 22 25 28 31 34
/


5000
2 2
0
.
