00001111000001010111111001
01001001010001100011111011
01001110101001110011110110
01001111111001010111110000
00000000001101100100000010
00111101110000110101011011
01010110110010111101000111
00111101011000001101000011
01011011010000111001000101
00100101001000010000000010
00010100101010000001000110
01001000010011110101111111
00011101001010101010011001
01110101011110000100111110
01111111101101000110110010
01011001000111110010010011
01101110010111100001101111
00110101001010100011000001
01110000110111010000101001
00001100001010110110111001
00011110101101100101001100
01111001111000001110110010
01101110100100110001000101
01001000101100101011011000
01011111111000000110000101
00111000000011101111111101
00000011011101001011111011
01000101111011001101011110
01100111111111001000010010
01111001001110011101101001
01000111010011001000111111
01001001110110011000000101
00010011000101111100111101
00101001110000111010100111
01001010001111000110011000
01110110111000100110111100
00000000011100011111110000
00101111011000110011111001
00111010001011000001101001
00001100011101100101000101
00100010010010000010000100
01011011111000100000010000
01110110111100011101001110
01011111010001000101000010
01000010110010010101110110
01101100111001111110100111
01001000010001001001001010
00010111011000110010000011
01001100111001011011010000
00110011110000001001100011
