40064305443306510100050622
50601623054346310322636215
50056204440464250100203554
60536242262664512201661045
20615531004431144353364666
10356252016516461002422356
00524555224204506034366311
00435304535145462023405200
10412632106624004006523211
10046152032563140651404665
10566565041322406666022606
20030011460455031655303135
60411231421412432256662266
10460052301130115366503302
10416436262603102406606112
60562225351362020545360136
40510220462332542503562132
50522226114521564512441504
10102544414636565516125021
10603255421554031111134610
30002535331445160065564651
60622020560612642623161305
50520113240545352312363331
40022126540543660125120015
60633440521563010546125640
50536561233214143642455365
10454260315154430014123542
10405152155636433016404342
10132550121204535016354115
40002003435135265023466302
20142022314223060631054163
30403466611060253423213124
50355233624202550363300252
50511214010114060513260302
50605104466011544046200535
30200316242215002110416335
60442412325144063533543246
50442340460104434446216142
10165543354642540510622154
20155402541544533431046234
50560362236113214344603625
40644105032445430525362431
20146363456104330405524111
00124562460645313153116520
00502121420560033022146534
30530406404104210543515401
10344113266104314220453113
40242161633440513602165653
40236235360414325423615615
50544301531066425024424242
