/1 4 7 10 13 16 19
/2 2 3 4 5 6 7 8 9 10 11 12 13 14 15 16 17 18 19 20 21
/3 1 22
/4 1 2 3 4 5 6 7 8 9 10 11 12 13 14 15 16 17 18 19 20 21 22
/6 1 2 3 4 5 6 7 8 9 10 11 12 13 14 15 16 17 18 19 20 21 22
/7 1 22
/8 2 3 4 5 6 7 8 9 10 11 12 13 14 15 16 17 18 19 20 21
/10 2 3 4 5 6 7 8 9 10 11 12 13 14 15 16 17 18 19 20 21
/11 1 22
/12 1 2 3 4 5 6 7 8 9 10 11 12 13 14 15 16 17 18 19 20 21 22
/14 1 2 3 4 5 6 7 8 9 10 11 12 13 14 15 16 17 18 19 20 21 22
/15 1 22
/16 2 3 4 5 6 7 8 9 10 11 12 13 14 15 16 17 18 19 20 21
/18 2 3 4 5 6 7 8 9 10 11 12 13 14 15 16 17 18 19 20 21
/19 1 22
/20 1 2 3 4 5 6 7 8 9 10 11 12 13 14 15 16 17 18 19 20 21 22
/22 1 2 3 4 5 6 7 8 9 10 11 12 13 14 15 16 17 18 19 20 21 22
/23 1 22
/24 2 3 4 5 6 7 8 9 10 11 12 13 14 15 16 17 18 19 20 21
/25 4 7 10 13 16 19
/


5000
2 2
0
.
