/1 54 55 57
/2 54 56 57
/4 12 13
/5 12 13
/8 15 16 45 46 54 55 61 62
/9 5 6 15 16 54 55 61 62
/10 6 44 46
/11 5 12 13 42 57 58
/12 5 6 12 13 38 39 41 43 44 57 58
/13 39 41 42
/14 40
/16 34 35
/17 34 35
/19 30 31 37 38
/20 30 31 37 38
/24 22 23 24
/25 22 25
/26 22 24 25
/30 21 22 35 45
/31 21 24 35 37 43 44 45
/32 3 4 5 6 22 23 24 35 36 42
/33 1 2 7 8 42 43
/34 1 2 8
/35 3 4 6 8 23 24
/36 8 23 24
/37 4 8 35 40
/38 4 9 33 34 40
/39 6 7 8 12 34 35 39 41
/40 6 7 12 38 39 41 42
/41 12 13 37 43
/42 14 40
/43 14 15 16 37 38 42 43
/46 17 39
/47 16 18 19 20 21 22 39
/48 15 16 22 38
/49 15 16 20 23
/50 23
/51 17 18 20 23 40 41
/52 20 23 40 41
/53 21 22
/54 21 22 28 33
/55 26 27 29 30 31 32 34 35
/56 28 33
/


5000
2 2
0
.
