/1 6 7
/2 7 8 9
/3 5 10
/4 3 4 5 6 7 8 10 40
/5 2 8 10 11 16 17 39
/6 2 4 5 7 12 15 17 39 40 41
/7 3 7 9 10 12 15
/8 5 7 10 12 13 15
/9 4 5 9 15 16
/10 3 6 7 9 11 12 13 14 17 21 22
/11 1 4 8 10 14 16 20 22 33
/12 1 2 4 8 11 12 14 17 18 19 20 23 24 32
/13 2 4 6 7 9 11 13 15 17 21 22 25 32 33 34
/14 1 4 5 6 9 15 20 23 25
/15 1 3 7 9 10 14 15 20 22 23 25 26 36 37
/16 2 4 5 6 7 10 13 15 20 26 32 33 36 37
/17 4 8 15 16 20 23 24 25 26 31 33
/18 4 6 7 10 13 15 20 26 32
/19 5 7 9 10 14 15 20 22 23 25 26
/20 7 9 15 20 23 25 34 35
/21 7 9 13 15 17 21 22 25 34
/22 8 12 14 17 18 19 20 23 24 35 36 37
/23 12 14 16 20 22 37
/24 13 14 16 17 21 22
/


5000
2 2
0
.
