/1 10 12
/2 9 12
/3 8 9
/4 7 11
/5 6 7 8 10
/6 3 4
/7 2 6 7 8 9 10 18 19 20 21 27 30
/8 1 5 18 22 26
/9 1 7 8 18 26 30
/10 1 2 3 7 8 9 10 19 22 26 27 28 29
/11 2 10
/12 2 3 23 24
/13 2 4 23 24
/14 2 3 6 7 9 18 20 23 24
/15 3 5 6 7 9 13 15 16 17 18 20 23 24
/16 10 11 13 15 16 19 23 24 28 29 30
/17 5 6 7 8 9 10 12 13 17 18 19 20 23 24 28 29 30
/18 6 11 12 13 20 23 24 28 29 30
/19 7 8 14 15 18 19 23 24
/20 8 11 17 18 19 20 23 24
/21 9 11 13 14 20 23 24
/22 23 24
/24 19 22 26 27 28 29
/25 18 26 30
/26 18 22 26
/27 18 19 20 21 27 30
/


5000
2 2
0
.
