/1 22 23 28 29
/2 22 24 27 29
/3 24 27
/4 23 24 27 28
/5 22 23 24 27 28 29
/6 24 27
/7 32
/8 31 33 34
/9 35
/10 27 31 34 36
/11 27 33 36
/12 27 34 35
/13 10 11
/14 9 12 23 24 25 29 30 31
/15 8 10 12
/16 7 8 9 11 27
/17 7 8 9 27
/18 27
/19 13 14 15
/20 1 2 5 22 23 24
/21 1 4 5 11 17
/22 2 3 4 5 6 11 17 20 26 44 47 48
/23 11 17 20 26 44 45 48
/24 20 26 34 35 36 43 44 45 46 47
/25 2 3 4 5 6 13 14 15
/26 1 4 5 22 23 24 32 38
/27 1 2 5 32 38 43 44 45 46 47
/28 32 38 44 45 48
/29 44 47 48
/30 34 35 36
/31 40 41
/32 39 40 41
/33 38 40 41
/34 37 39
/35 21 22 23 37 40
/36 38 39
/37 14 15 20 23
/38 13 16
/39 13 15 17
/40 14 17
/41 18
/42 15 17
/43 22 25
/44 20 21 22 25 26 27
/45 21 22 25 26
/46 22 25
/47 20 22 25 27
/48 20 21 26 27
/


5000
2 2
0
.
