/1 35
/2 35 36 37
/3 33 34 38
/4 32 34 36 37 39
/5 31 34 37 39
/6 37 39 40
/7 35 37
/8 23 24 25 33 35 37
/9 34 35 37 38
/10 22 25
/11 1 2 22 23 24
/12 2
/13 2 4 24 25 27 28
/14 3 4 20 21 24 25 27 29 42 43
/15 20 21 24 25 29 42
/16 28 29 30 40 42 54 55
/17 24 25 28 29 30 40 41 54 56
/18 19 21 24 25 26 55 56 57
/19 19 21 25 26 56 57
/20 20 54 56
/21 49 50 53 55
/22 49 51 54
/23 50 51 52 53
/24 30 31 51 52
/25 30 31
/28 38 39 40 41
/29 37 38 39 40 41 43
/30 38 41 43
/31 6 42 43
/32 5 7 8 9 10 40 42
/33 4 6 8 9 10 37 38 51 61 62
/34 3 5 36 38 39 40 41 52 61
/35 4 36 40 41 50 51 52 59 61
/36 4 5 19 20 37 38 40 59 60
/37 4 5 19 21 38 39 40
/38 4 5 20 21 22
/39 21 22
/40 19 21
/41 14 15 18 20
/42 14 16 19
/43 15 16 17 18 49 50
/44 16 17 49 50
/45 21 22 24 25
/46 22 24
/47 22
/48 19 20 22 25
/49 20 22 24 25 26
/50 20 22 23 27
/51 21 25 26
/52 22 23 24
/53 24
/


5000
2 2
0
.
