64888697163695718811663986325610587045131480788984
91897115933298483476928915762387015939991489352999
58837974220892169098452093236597766208986035086206
79845049076830877883222565831553342889789937482643
92871276223929539137913535664078035734838542638576
04849594454168317875985662706150601342403669998107
59863774711987718064742380122045371770328275555704
75884135220267504699044824609656923742769002215619
50804389831429009539419767348296398133410279344686
49819671108977710123742613236619006763298131239219
88892486196462103233549568055450228335707614005836
18874477463209846866087884429587375932542077946883
89852805814412187980122285947506618175237686307954
37810333730158175229607363238256350342729998910826
16806968283085776367816775098117484410228836687169
18879104997590172311163984356808673439866600532123
14845973303947606992620744164923895395845750172559
46888678418725848734944601786678818670538171509610
43801757123455868422956469002199066641003958017729
22819060844086406413917128882525166379795354404288
24843901361964605306114159654623726038350803184281
87832262634860196745313804798770011140944386458424
58802777514243205777040744715723263830364322266494
08876414902431419812818796193866754220946544855447
63837266783285737655360964006071277259943318043550
19802344603467986033789517969148289473149950877421
91818858444154558029132419296219749612862859738577
80880435058139888239438836414532029855746848662982
60801485022705344010580913677592896757475704904423
11819167631392734733912220010266279537976538766813
44817021666808254894410078602478719170404996133462
83897487186000521692575959269613136834597712046800
26836575341797401703872866215650316033654684674191
64849863288892509556637966254255329433009865634666
36856331538008330966631285753094407714600475883146
03827546544735219044175553970705456848231545352180
55880326396339605524181832631811409939247654563451
21889542387312585142156563024604491983196163785863
57869162613415470779160365605876688006542546180197
92867962246600412898394909512940432119077337790479
11809456725199934062568293045545878374205899006041
53810961823377475982750807250839817828463029199221
86898927567741688936166768160295715374374514446516
33884997630656009165918834057263248527092558943924
83835978728368969925882532153508488728340273016705
43850091034805145650159153548815497808315670002852
68889576944209618905552458555392672427598703893892
70805375861480797530590423423728433412750915332434
92835626554886092853667105936984401733219422996922
70864384063753145288531581178473837235299690751886
