01111000111001000001100010111111000010010111100100
01101011010011110011010100110111001110001010111010
11001110110000000010001000000100101110110011110101
11110110110001100101101110110100011100011011011001
11011011110101000111001011101011111100110011100100
11001101101010001101100111010011001111110111101100
01101001100010111110111010100101010001011111101111
11110100001111100101010000010110100000111001100111
01011000110010100001110111011000101010111010101100
01010000101110111110101010001111101101011110110111
01011100100111011010110000001100001111000000010001
01101111110010000001110111001111000101101010100111
01110000111001101110101100010111000100110000100001
11111000111100011001000010001100111110110111100001
11001111111010000001100110110011101110101010001101
01111110101000101110100000101000001000010111100011
11100111101110110111101001100101010000011001000111
01001111111100011110100100101010001110110001001101
01100110011010011011000110010000010011000101100101
01110100001110010100000001100101011111111001111010
01010010100101000110111011000010100110111100110110
11111110110011000101011111000011011110101001000111
11010100010111110000010010001000101000100000110100
11100110011100001010011011101010011101011010000011
01100111001001011101001100001110100011000000010101
01011010000110101100101100010100010100101011110110
11011101111100010111000000111100001001101111001111
11100001110110111101100011000100101111100111001000
11001110100001111110011101110100110110110101101011
01010001000100011000101101110011010011000001100000
11001100010000001011100110000100110110011001011110
01100101111010000011001110010101000110101000011100
11111011110100110100100010000001100110110101111010
11110110111000111000110000110010010111000100010110
11101001110101010000000000110000001001101100001111
01100001111100011010011111110010111100110011100011
11011110010101110000111100011010011011001000101011
11100011011011001100011110111100011011001001110111
01011000010100011101000010000011011010101000010111
11100111001111100111110011010010100011101000110110
01001000010000100001011111101011011101011110100001
01011110101100001100111011111011010110111101010001
11111011000110100000111101010011100011110010010100
11010110111001000000110100101011100010010110001000
01110111100010010100101001010110101010101010001111
11000110100011100100111010011011010111001010001100
11101101101001001101001011010011010100100001000011
01001011000111001111110101011110001010001110010011
01101101101000101110011110000011101110101010010010
11100100010000100111100100000011001111000100000111
