11010120010120202222120002201222211000021202011112
12100221001210021221111122100221121200222110021212
11111122121100000121122012012012112101012121221111
11110201101102211100021121122222202001020102112000
10212202202210022022002102022000002222021011120021
12121112221112001112200010221112221110001110020110
12010221011222102222112022222002211202200112020021
12001121112100112022010211111121222020222101112012
12211110022020100021202200012220021000112012000010
10100102121220201222001000120212221001010012020100
10220120000211011100202211010012020002102002102001
10011010112021212222022100020012010212101011000200
11002102121211202202122221220110001120121121112202
11021220011111121220220210020202222200121121220121
12020200020220120222200210212210112210200211021212
10011221021221120202010122111110112112200122212102
12122001000212212011112122020212111121211222221102
11100221212010212001222022202111021221210210102202
10200102000111012212021222121121111012100120010000
12021020101010010102020210101110011202022120121212
10012202212021020021120002220212202101122002221200
11222211210101222010000002120211020110021001020212
10221120100222101222200011222021211102102121122021
11101021102221110010121011102010011212000210210122
11211120111112111000020120212202200111001212120020
10122120010020221220200212201202210200111212110001
10212022002020212221201010200202122002111200002122
12021100002021211212102022001101110010122110220122
10002120021222200121100220020210212221022100112001
10121222202221202111111120021101011022012120210122
11100011001010200012101010001011011012121000102012
12021222110120101121021200002221111122202001002210
12022211110120112100100112120112111122120022222102
12011020211011001122212220112001002120111002001202
12202020010012002100210101200121120000202110212212
11210112111022101000021012101002200221021120022222
12101221102110202000010111200202221012200110112021
10221110212022121210112101211222100102212001102010
11110021212002222122221102100022010011212000102112
11211022001121211200112212220221022101211212202120
11021012112202021021110011022000022211121210020012
10122101121212212210222201110120210021102001020001
10011011222002112001212010221111201122200120211210
11221021110000121122000021111011022100122111000101
12102012021012201112010022121221022011112112100120
12222112212102122212010022100222000100122012221221
10110201000112022221020210020001000100211210021001
11122110211111011202011221010020021200111201000202
11012020200002001000220222110100012201012012122001
11200120200222212101210210211202122212100212110001
