/1 22
/2 22
/3 22 23 24
/4 14 15 23 24
/5 14 15 18 19 20 23 24
/6 20 21 22
/7 20 21 22
/8 15 16
/9 3 4 5 14 17
/10 3 4 5 14 16
/11 1 2 3 6 7 11 15 20 21 22
/12 6 7 11
/13 5 6 7 11
/14 5 23 24 28 29
/15 5 17 18 19 22 25 28 29
/16 9 17 19 23 25
/17 8 10 17 19 24
/18 4 5 8 11 28
/19 4 5 9 10 28
/20 22 26 27 28
/21 22 26 27
/22 11 12 13 22 26 27 30 31 32
/23 18 19 28 29 30
/24 17 20 28 29 30
/25 17 19
/26 11 12 13 18
/27 11 12 13
/28 9 10 13 14 15 18 19
/29 9 10 18 19
/30 9 10 11
/31 11
/32 11
/


5000
2 2
0
.
