/1 26 27
/2 13 14 26
/3 11 12 14 15 27
/4 11 12 13 14 28
/5 12 13 29
/6 17 18 30
/7 16 18 31
/8 18 32
/9 33
/10 34
/11 35
/12 36
/13 24 37
/14 23 24 25 38
/15 23 25 26 39
/16 1 4 24 25 26 40
/17 5 24 25 41
/18 1 5 42
/19 2 3 4 5 43
/20 44
/21 45
/22 46
/23 36 37 47
/24 37 38 48
/25 36 49
/26 50
/27 51
/28 38 39 40 52
/29 37 40 53
/30 40 54
/31 40 55
/32 37 39 56
/33 57
/34 58 60
/35 8 9 10 59 60
/36 10 23 24 31 32 33 44 45 46 47
/37 9 22 24 33 43 47
/38 24 32 47
/39 43 46
/43 53 54
/44 54 55
/45 53
/47 57 58 59
/48 57 60
/49 57
/50 57
/51 58 60
/52 24 25
/53 23 25
/54 25
/56 43
/57 42 43 44
/58 42 44 45
/59 43 44 45
/60 43 44
/


5000
2 2
0
.
