/1 33 34 36
/2 32 33 34 36 43 45
/3 31 36 38 43
/4 32 33 40 42 46
/5 33 37 40 43 44
/6 36 38 39 43
/7 35 37 54 55
/8 35 37 54 55
/15 62 63
/16 53 54 62 63
/17 40 50 52 53 54 55
/18 35 39 40 41 42 43 49 50 52 56 57
/19 34 36 44 45 50 53 54 56 57
/20 34 42 44 45 51 52 53 54 55 56
/21 35 44 45 52
/22 36 40 41 42 43
/23 41 42 43
/24 25 27 37 38
/25 25 27 29 36 38
/26 24 27 28 30 35 36
/27 25 26 30 32 34 35 37
/28 25 26 30 31 33 34 35 36 37
/29 29 31 32 36 37
/30 28 30
/31 3 4 6
/32 2 3 4 6 13 15
/33 1 6 8 13
/34 2 3 10 12 16
/35 3 7 10 13 14 26
/36 6 8 9 13 25 26 27
/37 5 7 25 28
/38 5 7 24 29
/39 25
/41 25 28
/42 26 28
/44 22
/45 21 22 23
/46 20 21 23 24
/47 10 19 20 22 28
/48 5 9 10 11 12 13 18 19 26 27
/49 4 6 14 15 18 19 27 28
/50 4 12 14 15
/51 5 14 15
/52 6 10 11 12 13
/53 11 12 13
/57 12 13
/58 12 13
/


5000
2 2
0
.
