/1 5 6 9 10 13 14 17 18 21 22 25 26 29 30 33 34
/2 5 8 10 13 16 18 21 24 26 29 32 34
/3 6 14 22 30
/4 9 17 25 33
/5 1 2 5 7 13 15 21 23 29 31 37 38
/6 1 3 9 11 17 19 25 27 33 35 38
/7 5 13 21 29 37
/8 2 10 18 26 34
/9 1 4 6 12 14 20 22 28 30 36 38
/10 1 2 8 10 16 18 24 26 32 34 37 38
/11 6 14 22 30
/12 9 17 25 33
/13 1 2 5 7 13 15 21 23 29 31 37 38
/14 1 3 9 11 17 19 25 27 33 35 38
/15 5 13 21 29 37
/16 2 10 18 26 34
/17 1 4 6 12 14 20 22 28 30 36 38
/18 1 2 8 10 16 18 24 26 32 34 37 38
/19 6 14 22 30
/20 9 17 25 33
/21 1 2 5 7 13 15 21 23 29 31 37 38
/22 1 3 9 11 17 19 25 27 33 35 38
/23 5 13 21 29 37
/24 2 10 18 26 34
/25 1 4 6 12 14 20 22 28 30 36 38
/26 1 2 8 10 16 18 24 26 32 34 37 38
/27 6 14 22 30
/28 9 17 25 33
/29 1 2 5 7 13 15 21 23 29 31 37 38
/30 1 3 9 11 17 19 25 27 33 35 38
/31 5 13 21 29 37
/32 2 10 18 26 34
/33 1 4 6 12 14 20 22 28 30 36 38
/34 1 2 8 10 16 18 24 26 32 34 37 38
/35 6 14 22 30
/36 9 17 25 33
/37 5 7 10 13 15 18 21 23 26 29 31 34
/38 5 6 9 10 13 14 17 18 21 22 25 26 29 30 33 34
/


5000
2 2
0
.
