/1 8 26
/2 7 8 9 25 26 27
/3 6 7 12 13 14 20 21 22 27 28
/4 4 5 7 10 11 12 15 19 22 23 24 27 29 30
/5 5 7 10 12 16 18 22 24 27 29
/6 2 3 5 7 9 11 16 18 23 25 27 29 31 32
/7 2 3 7 9 14 20 25 27 31 32
/8 2 3 4 6 10 15 17 19 24 28 30 31 32
/9 1 2 12 13 15 17 19 21 22 32 33
/10 13 21
/11 10 11 13 21 23 24
/12 11 23
/13 8 9 11 23 25 26
/14 8 9 25 26
/15 8 10 12 14 15 16 18 19 20 22 24 26
/16 7 8 12 16 18 22 26 27
/17 7 10 14 16 18 20 24 27
/18 10 11 16 18 23 24
/19 6 7 12 16 18 22 27 28
/20 10 12 13 15 19 21 22 24
/21 11 13 15 17 19 21 23
/22 13 16 18 21
/23 12 14 20 22
/


5000
2 2
0
.
