/1 13
/2 11 12 14
/3 11 12 16
/4 9 13 14 16 22
/5 9 10 11 12 14 15 19 20 21 22 30 32
/6 7 14 19 20 21 27 29 32
/7 7 8 9 10 11 12 13 17 21 26 29
/8 4 6 13 14 17 21 23 25 26 31
/9 3 4 5 6 7 8 9 10 11 17 20 21 30
/10 2 3 18 20 21 23 24 25 26 30 33
/11 1 2 7 8 10 21 25 28 30
/12 2 3 8 17 18 19 26 28 30 33
/13 10 17 18 25 30 31
/14 2 3 8 17 18 19 26 28 30 33
/15 1 2 7 8 10 21 25 28 30
/16 2 3 18 20 21 23 24 25 26 30 33
/17 3 4 5 6 7 8 9 10 11 17 20 21 30
/18 4 6 13 14 17 21 23 25 26 31
/19 7 8 9 10 11 12 13 17 21 26 29
/20 7 14 19 20 21 27 29 32
/21 9 10 11 12 14 15 19 20 21 22 30 32
/22 9 13 14 16 22
/23 11 12 16
/24 11 12 14
/25 13
/


5000
2 2
0
.
