/1 10
/2 9 11
/3 7 8 9 11
/4 6 11 12 14
/5 6 8 9 13 14 21 22
/6 5 6 8 10 11 21 23
/7 10 12 13 14 15 16 23 26 28 29
/8 3 5 6 8 9 11 17 22 23 25 27 28 30
/9 6 7 13 14 15 16 25 30
/10 1 5 7 10 14 16 21 22 24 26 27 28 29 31 32
/11 1 5 7 10 11 13 15 16 18 19 24 26 31 33
/12 6 7 11 12 13 15 16 18 20 21 22 24 27 28 29 33
/13 3 5 6 8 9 11 12 26 28 31 33 35 36
/14 12 19 21 23 25 28 29 31 33 35
/15 5 6 8 10 12 13 20 21 23 25 27 31 33 35
/16 6 8 9 11 14 22 24 25 28 29 30 31 33 34
/17 6 11 13 22 26 27
/18 5 6 11 12 21 22 26 29
/19 28 29
/


5000
2 2
0
.
