/1 11
/2 10 12 37 38
/3 3 8 9 10 12 18 38 42 45 52 58 59
/4 2 4 7 12 13 17 19 38 40 41 42 45 46 47 51 53 58
/5 2 4 7 9 10 18 39 43 44 48 50 53 60
/6 1 2 4 5 7 9 11 12 13 14 15 21 40 41 45 48 50 52 53 55 56 59 60
/7 2 4 7 11 14 17 25 26 30 31 35 36 41 42 44 45 48 50 53 55 57
/8 2 5 6 11 12 19 20 21 23 24 28 29 33 34 38 39 40 46 47 48 49 51 52 53 55 59 60
/9 3 6 7 8 11 14 16 17 18 19 23 24 28 29 33 34 38 39 40 42 43 46 51 53 58 61
/10 4 5 9 11 14 20 21 25 26 30 31 35 36 43 56 60 61
/11 6 7 9 11 12 14 16 17 20 43 52 53 55
/12 6 8 9 11 14 16 17 22 40 41 43 45
/13 12 13 21 22 41 44 45
/14 39 41
/15 39 40
/


5000
2 2
0
.
