/1 42
/2 41 42 43
/3 40 41 43 49
/4 40 41 42 48 49 50
/5 41 42 47 50 51 55 56 57
/6 47 48 49 54 57
/7 57
/8 57
/9 57
/10 41 42 43 56
/11 41 44
/12 41
/13 41
/14 42
/21 39 40 41
/22 39 42 54
/23 39 53 54 55
/24 39 52 53 55
/25 39 52 53 54
/26 40 53 54
/29 36 37 38
/30 35 36 37 38 39
/31 35 36 37 39 40 48 49 58
/32 38 39 47 48 49 50 59
/33 47 48 50 51 55 59
/34 49 50 56 57 58 59
/37 21
/38 22
/39 2 3 17 22 55 56 57
/40 1 2 3 4 18 19 20 21 22 57
/41 1 2 4 5 57
/42 3 4 56
/43 37
/44 38
/45 22 23 34 38
/46 23 24 35 36 37 38 54 55
/47 22 23 51 52 53 55 56
/48 22 51 52 53 54 55
/49 52 53 54
/51 23 24
/52 14 15 16 17 22 23 24 25
/53 13 17 22 23 25 26
/54 2 3 4 5 6 17 24 25
/55 1 6 16
/56 6
/57 5
/


5000
2 2
0
.
