/1 18 19
/2 18 21
/4 22
/6 2 20 21
/7 3 19
/8 1 2 3
/10 16 17 21 22
/11 16 17 21 22
/12 17 18 19 20 21 46
/13 18 20 45
/14 45 46 47
/15 18 19 20
/16 37 39
/17 37 41
/18 41 49
/19 27 28 37 42 47 48 49 50
/20 27 28 41 46 48 50 51
/21 22 37 41 45 48 50 51 52 61 62
/22 23 37 39 46 48 50 51 61 62
/23 21 22 23 47 48 49 50
/24 17 49
/25 16 17 18 38
/26 15 16 17 18 19 38 40 46
/27 14 15 19 20 38 39 44 45 46
/28 43
/29 30 43 44
/30 28 31 41 42 43
/31 16 17 18 29 30 31 41 42
/32 16 17 18 29 40 42
/33 30
/34 30 31 32
/35 17 18
/36 17 18
/37 22
/38 20 21 22 23 30 31 34 35
/39 14 15 19 21 23 24 30 31 32 33 35 38 40
/40 14 15 18 21 23 24 25 31 32 34 38 42
/41 19 21 23 24 29 42 48 49
/42 20 21 22 23 38 43 48 49
/43 22 42
/44 38 42
/45 38 40
/


5000
2 2
0
.
