/1 22 40
/2 21 22 23 39 40 41
/3 19 20 22 23 24 38 39 40 42 43
/4 20 23 25 26 31 36 37 39 42
/5 17 18 20 25 27 29 30 32 33 35 37 42 44 45
/6 17 18 20 22 25 27 35 37 40 42 44 45
/7 17 26 27 28 30 32 34 35 36 45 50 51 52
/8 16 17 25 26 36 37 45 46 49 53
/9 16 48 53 54
/10 9 10 11 16 17 18 19 45 46 47 48 51 52 54
/11 8 12 15 16 19 20 47 49 54 55
/12 7 8 13 20 25 26 27 53
/13 7 9 10 13 14 15 16 20 21 24 28 55 56 57
/14 6 7 12 14 23 28 29 57 58
/15 8 20 21 22 23 26 27 29 58
/16 4 5 6 22 24 29 30 58 59
/17 3 4 28
/18 3 30 31 32
/19 2 3 32 33
/20 2 33 38 39 40
/21 2 3 4 5 33 34 37 41
/22 1 2 5 6 36 41 42
/23 6 11 12 13 33 34 35 36 39 40 42
/24 6 7 10 14 35 37 42 43
/25 9 14 15 41
/26 6 7 8 9 12 13 15 43 44 45
/27 8 10 15 16 45 46
/28 14 46
/29 16 17 18 46 47
/30 18 19 47
/31 19 44 45 46 47 52 53 54
/32 19 20 43 44 47 48 51 55
/33 20 36 37 38 43 50 55 56
/34 17 18 19 20 35 39 42 43 47 48 49 50 53 54 56
/35 16 17 20 21 34 35 40 49 51 56 57
/36 16 34 36 37 40 41 42 43 55
/37 15 16 33 34 39 41 57 58 59
/38 15 35 59 60
/39 15 16 17 18 31 32 33 60
/40 14 15 18 19 30 31 60 61
/41 19 30 61
/42 19 20 29 30 58 59 60 61
/43 20 29 57 58 61 62
/44 17 18 19 20 29 30 31 32 57
/45 16 17 20 21 28 29 32 33 56 57
/46 16 33 56
/47 15 16 33 34 56 57 58 59
/48 15 55 56 59 60
/49 15 16 17 18 60
/50 14 15 18 19 60 61
/51 19
/52 19 20
/


5000
2 2
0
.
