/1 30 31
/2 29 31
/3 23 24 29
/4 21 24 27 28 30 31 32 33
/5 21 22 24 26 28 30 33
/6 24 26 28 30
/7 24 26 28 29
/8 25
/10 38 39
/11 29 30 38
/12 29 30 36 38
/13 10 36 37
/14 10 11 12
/15 13 22
/16 12 13 21
/17 21 22 23
/19 4 5
/20 4 26 27
/21 1 2 4 27
/22 1 4 5 6 11 12 24 25 26
/23 2 3 7 11 12 24 47
/24 4 5 6 7 29 30 45 46 47 48 49
/25 4 20 21 30 44 50
/26 5 6 7 20 22 30 32 45 46 47 50
/27 8 22 31 32 48 50 51
/28 3 4 5 6 7 22 23 45 46 47 48 51
/29 2 5 28 40 41 45 49 50
/30 2 3 26 27 28 40 41 46 47 48
/31 25 48
/32 25 26 48 50 51
/33 47 48 50 51
/36 39 40
/37 39
/38 40 41 42
/39 15 16 42
/40 14 16 22 23
/41 14 22 23
/42 13 14
/44 27
/45 17 18 23 24 26 28
/46 16 19 22 24 26 28
/47 17 18 22 24 26 28 29
/48 19 20 21 22 24 25 28
/49 19 23 28
/50 20 23 25 26 27
/51 21 23 25
/52 22
/


5000
2 2
0
.
