/1 11
/2 9 10 11 12 13 31
/3 8 14 29 30 31 32 33
/4 8 11 12 14 28 34
/5 4 6 7 8 10 12 14 15 28 30 31 34
/6 4 5 10 27 28 30 32 34 35 36 38
/7 7 8 10 11 32 37 38
/8 2 3 4 5 6 8 10 13 31 32 34 35
/9 1 8 12 14 29 32 34 36 37 38 39 40
/10 1 2 5 6 7 8 9 11 12 14 28 30 34 41
/11 13 14 28 30 31 33 34 35 36 37 40 41
/12 6 7 12 13 14 28 29
/13 6 7 12 13 14 20 21 28 29 30 35 36
/14 13 14 19 22 28 29 30 35 36
/15 1 2 5 6 7 8 9 11 12 14 20 22 28 29
/16 1 8 12 14 21 28 30 31 33 34 35 36 37 40 41
/17 2 3 4 5 6 8 10 13 28 30 34 41
/18 7 8 10 11 29 32 34 36 37 38 39 40
/19 4 5 10 31 32 34 35
/20 4 6 7 8 10 12 14 15 32 37 38
/21 8 11 12 14 27 28 30 32 34 35 36 38
/22 8 14 28 30 31 34
/23 9 10 11 12 13 28 34
/24 11 29 30 31 32 33
/25 31
/


5000
2 2
0
.
