/1 12 13
/2 12
/3 13
/4 4 6 14
/5 5 6 15
/6 5 16
/7 17 53
/8 18 51 52
/9 19 52 53
/10 20
/11 21
/12 22 44 46
/13 23 44 45
/14 24 45
/15 25
/16 26
/17 27 43
/18 28 42
/19 29 42 43 44
/20 30
/21 29 30
/25 44 46
/26 44 45 53 56
/27 45 52
/28 36 37 38 52 56
/29 38 52 53 54 55
/30 37
/31 40 41
/32 40 42
/33 43
/34 44
/35 32 33 45
/36 31 33 46
/37 33 47 55 56
/38 14 41 42 48 54 55
/39 14 15 41 43 49 56
/40 13 15 21 22 41 50
/41 20 22 51
/42 2 22 52
/43 2 3 9 53
/44 1 3 9 10 54
/45 8 10 55
/46 56 58
/47 57 58
/58 34
/59 33 34 35
/60 32 33 35
/61 32 33 34
/62 33 34
/


5000
2 2
0
.
