/1 21
/2 9 10 19 20 21
/3 10 18
/4 10 12 18 19
/5 11 12 26
/6 24 25 26
/7 5 6 15 16 17 23
/8 6 14 17 24
/9 6 8 17 20 24 31
/10 7 8 11 16 19 29 30 31
/11 10 19 22 28
/12 1 2 10 13 19 20 21 28 29
/13 2 10 11 12
/14 2 4
/15 3 4 25 26 27
/16 16 17 18 24 27
/17 7 8 9 15 18 27
/18 6 9 18 21 26 29 30
/19 9 12 17 20 29 31
/20 4 8 11 20 23 31
/21 4 11 14 20 21 22 31 32
/22 5 11 12 13
/23 2 3 4 25 26
/24 2 25 27
/25 9 10 17 18 19 27
/26 10 16 19 27 28
/27 7 8 9 19
/28 7 14 18 21 22
/29 14 21 23
/30 15 23
/31 12 13 14 23 24
/32 12
/


5000
2 2
0
.
