/1 55 56
/2 54 55
/3 48 49 55
/4 47 48 54 55
/5 49 54 56 59 60
/6 51 52 56 57 59 60 61 62
/7 51 52 63
/8 63
/9 57
/10 59 60
/12 59 60 61
/13 58 59 62
/14 32 33 60
/15 31 32
/16 32 34 54 55 56 59
/17 27 32 33 34 54 57 58 59
/18 26 27 28 29 30 32 33 34 37 39 40 57 58
/19 26 29 30 37 41 42 44 45 55 56 58 59
/20 36 41 42 46 47 49 50 58 59
/21 28 29 32 33 35 36 39 40 46 47 51 52 54 56
/22 36 44 45 51 52
/23 22 23 24 28 34 35 49 50 55
/24 22 28 31 33 34 54
/25 23 27 28 30
/26 26 27 31 33
/27 14 15 16 27
/28 14 20 21 22 25 26
/29 15 18 19 21 22 23 25 26
/30 17 28
/31 18 20 22 23 28
/32 20 21 23
/33 18 19 23 25
/34 17 18
/35 19
/36 16 17
/37 15 16 17
/38 14 15 17
/39 13 14 15 16 18
/40 18 19 20
/41 19 20
/42 11 12 13 15 16
/43 10 14 15 16
/44 13 14 15
/45 9 11 13
/46 8 9 10 11
/47 8
/48 9 10
/49 10 13
/50 1 2
/51 1 3 7 8 9
/52 1 5 10
/53 4 5
/54 4 10
/


5000
2 2
0
.
