/1 4 7 10 13 16 19 22 25 28 31 34 37 40 43 46 49 52 55 58
/2 2 3 4 5 6 7 8 9 10 11 12 13 14 15 16 17 18 19 20 21 22 23 24 25 26 27 28 29 30 31 32 33 34 35 36 37 38 39 40 41 42 43 44 45 46 47 48 49 50 51 52 53 54 55 56 57 58 59 60
/3 1 61
/4 2 3 4 5 6 7 8 9 10 11 12 13 14 15 16 17 18 19 20 21 22 23 24 25 26 27 28 29 30 31 32 33 34 35 36 37 38 39 40 41 42 43 44 45 46 47 48 49 50 51 52 53 54 55 56 57 58 59 60
/6 2 3 4 5 6 7 8 9 10 11 12 13 14 15 16 17 18 19 20 21 22 23 24 25 26 27 28 29 30 31 32 33 34 35 36 37 38 39 40 41 42 43 44 45 46 47 48 49 50 51 52 53 54 55 56 57 58 59 60
/7 1 55 61
/8 2 3 4 5 6 7 8 9 10 11 12 13 14 15 16 17 18 19 20 21 24 25 26 29 30 31 34 35 36 39 40 41 42 43 44 45 46 49 50 51 52 56 57 58 59 60
/9 23 24 28 29 33 34 38 39 48 49 55
/10 2 3 4 5 6 7 8 9 10 11 12 13 14 15 16 17 18 19 20 21 25 26 30 31 35 36 40 41 42 43 44 45 46 50 52 53 56 57 58 59 60
/11 1 43 52 53 61
/12 2 3 4 5 6 7 8 9 10 11 12 13 14 15 16 17 18 19 20 21 44 45 47 54 55 56 57 58 59 60
/13 44 57
/14 2 3 4 5 6 7 8 9 10 11 12 13 14 15 16 17 18 19 20 21 44 58 59 60
/15 1 44 45 51 52 57 61
/16 2 3 4 5 6 7 8 9 10 11 12 13 14 15 16 17 18 19 20 21 44 45 49 50 54 56 57 58 59 60
/17 44 47 49 50 54
/18 2 3 4 5 6 7 8 9 10 11 12 13 14 15 16 17 18 19 20 21 44 51 52 56 57 58 59 60
/19 1 44 45 56 61
/20 2 3 4 5 6 7 8 9 10 11 12 13 14 15 16 17 18 19 20 21 44 45 56 57 58 59 60
/21 44 51 52 54
/22 2 3 4 5 6 7 8 9 10 11 12 13 14 15 16 17 18 19 20 21 44 47 49 50 54 56 57 58 59 60
/23 1 44 45 49 50 57 61
/24 2 3 4 5 6 7 8 9 10 11 12 13 14 15 16 17 18 19 20 21 44 45 51 52 58 59 60
/25 44 57
/26 2 3 4 5 6 7 8 9 10 11 12 13 14 15 16 17 18 19 20 21 44 56 57 58 59 60
/27 1 44 45 51 52 54 55 61
/28 2 3 4 5 6 7 8 9 10 11 12 13 14 15 16 17 18 19 20 21 44 45 49 50 54 55 58 59 60
/29 44 47 49 50 56 57
/30 2 3 4 5 6 7 8 9 10 11 12 13 14 15 16 17 18 19 20 21 44 51 52 57 58 59 60
/31 1 44 45 61
/32 2 3 4 5 6 7 8 9 10 11 12 13 14 15 16 17 18 19 20 21 44 45 57 58 59 60
/33 44 51 52 56 57
/34 2 3 4 5 6 7 8 9 10 11 12 13 14 15 16 17 18 19 20 21 44 47 49 50 54 55 58 59 60
/35 1 44 45 49 50 54 55 61
/36 2 3 4 5 6 7 8 9 10 11 12 13 14 15 16 17 18 19 20 21 44 45 51 52 56 57 58 59 60
/37 44 57
/38 2 3 4 5 6 7 8 9 10 11 12 13 14 15 16 17 18 19 20 21 22 23 29 35 41 44 46 58 59 60
/39 1 27 28 33 34 39 40 44 48 50 58 61
/40 2 3 4 5 6 7 8 9 10 11 12 13 14 15 16 17 18 19 20 21 22 23 24 25 27 28 30 31 33 34 36 37 39 40 42 43 44 45 46 47 48 49 50 58 59 60
/41 57
/42 2 3 4 5 6 7 8 9 10 11 12 13 14 15 16 17 18 19 20 21 22 23 24 25 26 27 28 29 30 31 32 33 34 35 36 37 38 39 40 41 42 43 44 45 46 47 48 49 50 54 55 56 57 58 59 60
/43 1 52 53 61
/44 2 3 4 5 6 7 8 9 10 11 12 13 14 15 16 17 18 19 20 21 22 23 24 25 26 27 28 29 30 31 32 33 34 35 36 37 38 39 40 41 42 43 44 45 46 47 48 49 50 53 54 55 56 57 58 59 60
/46 2 3 4 5 6 7 8 9 10 11 12 13 14 15 16 17 18 19 20 21 22 23 24 25 26 27 28 29 30 31 32 33 34 35 36 37 38 39 40 41 42 43 44 45 46 47 48 49 50 51 52 53 54 55 56 57 58 59 60
/47 1 61
/48 2 3 4 5 6 7 8 9 10 11 12 13 14 15 16 17 18 19 20 21 22 23 24 25 26 27 28 29 30 31 32 33 34 35 36 37 38 39 40 41 42 43 44 45 46 47 48 49 50 51 52 53 54 55 56 57 58 59 60
/49 4 7 10 13 16 19 22 25 28 31 34 37 40 43 46 49 52 55 58
/


5000
2 2
0
.
