/1 2 5 8 11 14 17 20 23 26 29 32 35 38 41 44 47 50 53 56
/2 2 3 4 5 6 7 8 9 10 11 12 13 14 15 16 17 18 19 20 21 22 23 24 25 26 27 28 29 30 31 32 33 34 35 36 37 38 39 40 41 42 43 44 45 46 47 48 49 50 51 52 53 54 55 56
/4 2 3 4 5 6 7 8 9 10 11 12 13 14 15 16 17 18 19 20 21 22 23 24 25 26 27 28 29 30 33 34 35 38 39 40 41 42 43 44 45 46 47 48 49 50 51 52 53 54 55 56
/5 1 32 33 37 38 57
/6 2 3 4 5 6 7 8 9 10 11 12 13 14 15 16 17 18 19 20 21 22 23 24 25 28 29 30 34 35 39 40 41 42 45 46 47 48 49 50 51 52 53 54 55 56
/7 27 28 44 45
/8 2 3 4 5 6 7 8 9 10 11 12 13 14 15 16 17 18 19 20 21 22 23 24 25 28 29 30 34 35 41 42 46 47 50 51 52 53 54 55 56
/9 1 32 33 37 39 40 49 50 57
/10 2 3 4 5 6 7 8 9 10 11 12 13 14 15 16 17 18 19 20 21 22 23 24 25 28 29 30 33 34 35 39 40 46 47 51 52 53 54 55 56
/11 27 28 41 42 44 45
/12 2 3 4 5 6 7 8 9 10 11 12 13 14 15 16 17 18 19 20 21 22 23 24 25 29 30 31 32 33 44 45 51 52 53 54 55 56
/13 1 30 46 47 49 50 57
/14 2 3 4 5 6 7 8 9 10 11 12 13 14 15 16 17 18 19 20 21 22 23 24 25 31 41 49 50 53 54 55 56
/15 27 29 36 40 51 52
/16 2 3 4 5 6 7 8 9 10 11 12 13 14 15 16 17 18 19 20 21 22 23 24 25 29 31 33 34 35 36 37 44 52 53 54 55 56
/17 1 32 33 34 38 45 57
/18 2 3 4 5 6 7 8 9 10 11 12 13 14 15 16 17 18 19 20 21 22 23 24 25 29 31 33 34 35 36 37 44 52 53 54 55 56
/19 27 29 36 40 51 52
/20 2 3 4 5 6 7 8 9 10 11 12 13 14 15 16 17 18 19 20 21 22 23 24 25 31 41 49 50 53 54 55 56
/21 1 30 46 47 49 50 57
/22 2 3 4 5 6 7 8 9 10 11 12 13 14 15 16 17 18 19 20 21 22 23 24 25 29 30 31 32 33 44 45 51 52 53 54 55 56
/23 27 28 41 42 44 45
/24 2 3 4 5 6 7 8 9 10 11 12 13 14 15 16 17 18 19 20 21 22 23 24 25 28 29 30 33 34 35 39 40 46 47 51 52 53 54 55 56
/25 1 32 33 37 39 40 49 50 57
/26 2 3 4 5 6 7 8 9 10 11 12 13 14 15 16 17 18 19 20 21 22 23 24 25 28 29 30 34 35 41 42 46 47 50 51 52 53 54 55 56
/27 27 28 44 45
/28 2 3 4 5 6 7 8 9 10 11 12 13 14 15 16 17 18 19 20 21 22 23 24 25 28 29 30 34 35 39 40 41 42 45 46 47 48 49 50 51 52 53 54 55 56
/29 1 32 33 37 38 57
/30 2 3 4 5 6 7 8 9 10 11 12 13 14 15 16 17 18 19 20 21 22 23 24 25 26 27 28 29 30 33 34 35 38 39 40 41 42 43 44 45 46 47 48 49 50 51 52 53 54 55 56
/32 2 3 4 5 6 7 8 9 10 11 12 13 14 15 16 17 18 19 20 21 22 23 24 25 26 27 28 29 30 31 32 33 34 35 36 37 38 39 40 41 42 43 44 45 46 47 48 49 50 51 52 53 54 55 56
/33 2 5 8 11 14 17 20 23 26 29 32 35 38 41 44 47 50 53 56
/


5000
2 2
0
.
