/1 8 16 35 43
/2 7 8 9 15 16 17 34 35 36 42 43 44
/3 6 9 10 14 15 18 33 34 36 42 44 45
/4 6 10 14 18 34 35 37 41 43 44
/5 7 8 10 11 13 14 16 17 32 34 35 43 44 46
/6 7 8 10 14 16 17 31 33 36 38 40 42 45 47
/7 9 15 31 33 37 38 40 41 45 47
/8 10 11 13 14 32 33 34 36 42 44 45 46
/9 5 6 9 15 18 19 33 34 35 43 44 45
/10 5 6 9 15 18 19 33 34 44 45
/11 33 45
/12 9 11 13 15 32 33 45 46
/13 9 10 14 15 32 33 45 46
/15 36 37 41 42
/16 20 31 36 37 41 42
/17 4 19 20 21 30 31 32 47
/18 3 4 5 9 10 14 16 18 19 21 29 30 32 46 47 48
/19 2 3 6 9 10 20 29 30 31 45 46 48
/20 2 3 4 5 7 14 18 20 29 30 31 45 46
/21 1 2 8 16 17 20 21 29 30 31 32 47 48
/22 2 19 22 29 32 44 47 48
/23 2 4 5 6 9 14 16 19 20 28 29 44 49
/24 2 4 8 9 14 16 19 20 24 29 31 43 46 48
/25 2 3 10 13 21 24 29 30 31 42 43 47 48
/26 1 7 9 14 16 21 23 24 41
/27 2 3 6 9 14 21 23 24 37 42 43
/28 2 3 7 8 16 17 21 22 24 25 28 29 36 37 38 39 40 41
/29 25 30 35 37 39 41 49 50 51
/30 31 35 38 48
/31 31 36 47
/32 30 48 50
/


5000
2 2
0
.
